 13   1 1 h(.)              hydrogene atome               0 1.0 1.0     2 1.0j73
 13   1 2  1  52.100 1  27.40015  5.00  5.00  5.00  5.00  5.00  5.00  5.00 7 j73
 13   1 3  0 0  0  0  0  0  0  0  0  1  0  0  0  0  0  0  0  0  0  0  0  0  0j73
 13   2 1 'br'(.)           bromo                         0 1.0 1.0     2 1.0j73
 13   2 2  1  26.700 1  41.80015  5.00  5.00  5.00  5.10  5.10  5.10  5.30 7 j73
 13   2 3  0 0  1  0  0  0  0  0  0  0  0  0  0  0  0  0  0  0  0  0  0  0  0j73
 13   3 1 'cl'(.)           chloro                        0 1.0 1.0     2 1.0j73
 13   3 2  1  28.900 1  39.50015  5.20  5.30  5.40  5.40  5.30  5.30  5.20 7 j73
 13   3 3  0 0  0  0  0  1  0  0  0  0  0  0  0  0  0  0  0  0  0  0  0  0  0j73
 13   4 1 f(.)              fluoro                        0 1.0 1.0     2 1.0j73
 13   4 2  1  18.900 1  37.90015  5.40  5.35  5.30  5.20  5.10  5.00  5.00 7 j73
 13   4 3  0 0  0  0  0  0  0  1  0  0  0  0  0  0  0  0  0  0  0  0  0  0  0j73
 13   5 1 i(.)              iodo                          0 1.0 1.0     1 1.0j73
 13   5 2  1  25.500 1  43.20015  5.00  5.00  5.00  5.00  5.00  5.00  5.00 7 j73
 13   5 3  0 0  0  0  0  0  0  0  0  0  0  1  0  0  0  0  0  0  0  0  0  0  0j73
 13  13 1 o(.)              oxygene atome                 0 1.0 1.0     2 1.0j73
 13  13 2  1  59.600 1  38.50015  5.20  5.15  5.10  5.05  5.00  5.00  5.00 7 j73
 13  13 3  0 0  0  0  0  0  0  0  0  0  0  0  0  1  0  0  0  0  0  0  0  0  0j73
 13  14 1 s(.)              sulfure atome                 0 1.0 1.0     2 1.0j73
 13  14 2  1  66.700 1  40.10015  5.70  5.55  5.40  5.30  5.20  5.10  5.10 7 j73
 13  14 3  0 0  0  0  0  0  0  0  0  0  0  0  0  0  0  0  1  0  0  0  0  0  0j73
  13  19 3  0 0  0  1  0  3  0  0  0  0  0  0  0  0  0  0  0  0  0  0  0  0  0j73
  7   1 1 'al'              aluminum                      0 1.0 1.0     2 1.0j73
  7   1 2  1   0.000 1   6.77015  5.83  6.12  6.43  6.72  7.31  7.00  7.00 7 j73
  7   1 3  1 0  0  0  0  0  0  0  0  0  0  0  0  0  0  0  0  0  0  0  0  0  0j73
  7   2 1 b                 boron                         0 1.0 1.0     2 1.0j73
  7   2 2  1   0.000 1   1.40015  2.65  3.45  4.05  4.57  5.35  5.90  6.67 7 j73
  7   2 3  0 1  0  0  0  0  0  0  0  0  0  0  0  0  0  0  0  0  0  0  0  0  0j73
  7   4 1 c                 carbon (graphite)             0 1.0 1.0     2 1.0j73
  7   4 2  1   0.000 1   1.37015  2.08  2.85  3.50  4.03  4.75  5.15  5.76 7 j73
  7   4 3  0 0  0  1  0  0  0  0  0  0  0  0  0  0  0  0  0  0  0  0  0  0  0j73
  7   5 1 'cd'              cadmium                       0 1.0 1.0     2 1.0j73
  7   5 2  1   0.000 1  12.37015  6.23  6.49  6.78  7.10  7.10  7.10  4.97 7 j73
  7   5 3  0 0  0  0  1  0  0  0  0  0  0  0  0  0  0  0  0  0  0  0  0  0  0j73
  7   7 1 'cr'              chromium                      0 1.0 1.0     2 1.0j73
  7   7 2  1   0.000 1   5.70015  5.57  6.08  6.40  6.58  6.82  7.54  9.23 7 j73
  7   7 3  0 0  0  0  0  0  1  0  0  0  0  0  0  0  0  0  0  0  0  0  0  0  0j73
  7   9 1 'ge'              germanium                     0 1.0 1.0     2 1.0j73
  7   9 2  1   0.000 1   7.43015  5.60  5.94  6.16  6.32  6.56  6.77  7.00 7 j73
  7   9 3  0 0  0  0  0  0  0  0  1  0  0  0  0  0  0  0  0  0  0  0  0  0  0j73
  7  11 1 'hg'              mercury                       0 1.0 1.0     2 1.0j73
  7  11 2  1   0.000 1  18.19015  6.68  6.54  6.48  6.49  4.97  4.97  4.97 7 j73
  7  11 3  0 0  0  0  0  0  0  0  0  0  1  0  0  0  0  0  0  0  0  0  0  0  0j73
  7  15 1 p                 phosphorus                    0 1.0 1.0     2 1.0j73
  7  15 2  1   0.000 1   5.46015  4.98  5.37  5.76  6.14  4.34  4.40  4.47 7 j73
  7  15 3  0 0  0  0  0  0  0  0  0  0  0  0  0  0  1  0  0  0  0  0  0  0  0j73
  7  16 1 'pb'              lead                          0 1.0 1.0     2 1.0j73
  7  16 2  1   0.000 1  15.49015  6.33  6.56  6.79  7.02  7.17  7.03  6.66 7 j73
  7  16 3  0 0  0  0  0  0  0  0  0  0  0  0  0  0  0  1  0  0  0  0  0  0  0j73
  7  17 1 s                 sulfur                        0 1.0 1.0     2 1.0j73
  7  17 2  1   0.000 1   7.62015  5.41  7.54  8.84  8.34  4.37  4.42  4.48 7 j73
  7  17 3  0 0  0  0  0  0  0  0  0  0  0  0  0  0  0  0  1  0  0  0  0  0  0j73
  7  18 1 'si'              silicon                       0 1.0 1.0     2 1.0j73
  7  18 2  1   0.000 1   4.53015  4.81  5.34  5.63  5.83  6.11  6.34  6.83 7 j73
  7  18 3  0 0  0  0  0  0  0  0  0  0  0  0  0  0  0  0  0  1  0  0  0  0  0j73
  7  19 1 'sn'              tin                           0 1.0 1.0     2 1.0j73
  7  19 2  1   0.000 1  12.29015  6.31  6.94  7.57  7.30  7.30  7.30  7.30 7 j73
  7  19 3  0 0  0  0  0  0  0  0  0  0  0  0  0  0  0  0  0  0  1  0  0  0  0j73
  7  20 1 'ti'              titanium                      0 1.0 1.0     2 1.0j73
  7  20 2  1   0.000 1   7.33015  5.98  6.36  6.62  6.84  7.18  7.47  8.06 7 j73
  7  20 3  0 0  0  0  0  0  0  0  0  0  0  0  0  0  0  0  0  0  0  1  0  0  0j73
  7  21 1 v                 vanadium                      0 1.0 1.0     2 1.0j73
  7  21 2  1   0.000 1   7.01015  5.92  6.23  6.43  6.58  6.85  7.30  8.74 7 j73
  7  21 3  0 0  0  0  0  0  0  0  0  0  0  0  0  0  0  0  0  0  0  0  1  0  0j73
  7  22 1 'zn'              zinc                          0 1.0 1.0     2 1.0j73
  7  22 2  1   0.000 1   9.95015  6.07  6.31  6.55  6.79  7.50  7.50  4.97 7 j73
  7  22 3  0 0  0  0  0  0  0  0  0  0  0  0  0  0  0  0  0  0  0  0  0  1  0j73
  7  23 1 w                 unassigned element            0 1.0 1.0     1 1.0j73
  7  23 2  0   0.000 0   0.000 0  0.00  0.00  0.00  0.00  0.00  0.00  0.00 0 j73
  7  23 3  0 0  0  0  0  0  0  0  0  0  0  0  0  0  0  0  0  0  0  0  0  0  1j73c
 