  6   1 1 c-(sn)-(h)/3                                    0 0.0 3.0     1 1.0j73
  6   1 2  3 -10.080 0   0.000 0  0.00  0.00  0.00  0.00  0.00  0.00  0.00 0 j73
  6   1 3  0 0  0  1  0  0  0  0  0  3  0  0  0  0  0  0  0  0  0  0  0  0  0j7
  6   2 1 c-(sn)-(c)-(h)/2                                0 0.0 1.0     1 1.0j73
  6   2 2  1  -2.180 0   0.000 0  0.00  0.00  0.00  0.00  0.00  0.00  0.00 0 j73
  6   2 3  0 0  0  1  0  0  0  0  0  2  0  0  0  0  0  0  0  0  0  0  0  0  0j7
  6   3 1 c-(sn)-(c)/2-(h)                                0 0.0 1.0     1 1.0j73
  6   3 2  1   3.380 0   0.000 0  0.00  0.00  0.00  0.00  0.00  0.00  0.00 0 j73
  6   3 3  0 0  0  1  0  0  0  0  0  1  0  0  0  0  0  0  0  0  0  0  0  0  0j7
  6   4 1 c-(sn)-(c)/3                                    0 0.0 1.0     1 1.0j73
  6   4 2  1   8.160 0   0.000 0  0.00  0.00  0.00  0.00  0.00  0.00  0.00 0 j73
  6   4 3  0 0  0  1  0  0  0  0  0  0  0  0  0  0  0  0  0  0  0  0  0  0  0j7
  6   5 1 c-(sn)-(c/b)-(h)/2                              0 0.0 1.0     1 1.0j73
  6   5 2  1  -7.770 0   0.000 0  0.00  0.00  0.00  0.00  0.00  0.00  0.00 0 j73
  6   5 3  0 0  0  1  0  0  0  0  0  2  0  0  0  0  0  0  0  0  0  0  0  0  0j7
  6   6 1 c/b-(sn)-(c/b)/2                                0 0.0 1.0     1 1.0j73
  6   6 2  3   5.510 0   0.000 0  0.00  0.00  0.00  0.00  0.00  0.00  0.00 0 j73
  6   6 3  0 0  0  1  0  0  0  0  0  0  0  0  0  0  0  0  0  0  0  0  0  0  0j7
  6   7 1 c/d-(sn)-(h)                                    0 0.0 1.0     1 1.0j73
  6   7 2  3   8.770 0   0.000 0  0.00  0.00  0.00  0.00  0.00  0.00  0.00 0 j73
  6   7 3  0 0  0  1  0  0  0  0  0  1  0  0  0  0  0  0  0  0  0  0  0  0  0j7
  6   8 1 sn-(c)/4                                        0 0.0 1.0     1 1.0j73
  6   8 2  1  36.200 0   0.000 0  0.00  0.00  0.00  0.00  0.00  0.00  0.00 0 j73
  6   8 3  0 0  0  0  0  0  0  0  0  0  0  0  0  0  0  0  0  0  1  0  0  0  0j7
  6   9 1 sn-(c)/3-(cl)                                   0 0.0 1.0     1 1.0j73
  6   9 2  1  -9.800 0   0.000 0  0.00  0.00  0.00  0.00  0.00  0.00  0.00 0 j73
  6   9 3  0 0  0  0  0  1  0  0  0  0  0  0  0  0  0  0  0  0  1  0  0  0  0j7
  6  10 1 sn-(c)/2-(cl)/2                                 0 0.0 1.0     1 1.0j73
  6  10 2  1 -49.200 0   0.000 0  0.00  0.00  0.00  0.00  0.00  0.00  0.00 0 j73
  6  10 3  0 0  0  0  0  2  0  0  0  0  0  0  0  0  0  0  0  0  1  0  0  0  0j7
  6  11 1 sn-(c)-(cl)/3                                   0 0.0 3.0     1 1.0j73
  6  11 2  1 -89.500 0   0.000 0  0.00  0.00  0.00  0.00  0.00  0.00  0.00 0 j73
  6  11 3  0 0  0  0  0  3  0  0  0  0  0  0  0  0  0  0  0  0  1  0  0  0  0j7
  6  12 1 sn-(c)/3-(br)                                   0 0.0 1.0     1 1.0j73
  6  12 2  1  -1.800 0   0.000 0  0.00  0.00  0.00  0.00  0.00  0.00  0.00 0 j73
  6  12 3  0 0  1  0  0  0  0  0  0  0  0  0  0  0  0  0  0  0  1  0  0  0  0j7
  6  13 1 sn-(c)/3-(i)                                    0 0.0 1.0     1 1.0j73
  6  13 2  1   9.900 0   0.000 0  0.00  0.00  0.00  0.00  0.00  0.00  0.00 0 j73
  6  13 3  0 0  0  0  0  0  0  0  0  0  0  1  0  0  0  0  0  0  1  0  0  0  0j7
  6  14 1 sn-(c)/3-(h)                                    0 0.0 1.0     1 1.0j73
  6  14 2  1  34.800 0   0.000 0  0.00  0.00  0.00  0.00  0.00  0.00  0.00 0 j73
  6  14 3  0 0  0  0  0  0  0  0  0  1  0  0  0  0  0  0  0  0  1  0  0  0  0j7
  6  15 1 sn-(c/d)/4                                      0 0.0 1.0     1 1.0j73
  6  15 2  3  36.200 0   0.000 0  0.00  0.00  0.00  0.00  0.00  0.00  0.00 0 j73
  6  15 3  0 0  0  0  0  0  0  0  0  0  0  0  0  0  0  0  0  0  1  0  0  0  0j7
  6  16 1 sn-(c/d)/3-(cl)                                 0 0.0 1.0     1 1.0j73
  6  16 2  1  -8.200 0   0.000 0  0.00  0.00  0.00  0.00  0.00  0.00  0.00 0 j73
  6  16 3  0 0  0  0  0  1  0  0  0  0  0  0  0  0  0  0  0  0  1  0  0  0  0j7
  6  17 1 sn-(c/d)/2-(cl)/2                               0 0.0 1.0     1 1.0j73
  6  17 2  1 -50.700 0   0.000 0  0.00  0.00  0.00  0.00  0.00  0.00  0.00 0 j73
  6  17 3  0 0  0  0  0  2  0  0  0  0  0  0  0  0  0  0  0  0  1  0  0  0  0j7
  6  18 1 sn-(c/d)-(cl)/3                                 0 0.0 3.0     1 1.0j73
  6  18 2  1 -82.200 0   0.000 0  0.00  0.00  0.00  0.00  0.00  0.00  0.00 0 j73
  6  18 3  0 0  0  0  0  3  0  0  0  0  0  0  0  0  0  0  0  0  1  0  0  0  0j7
  6  19 1 sn-(c)/3-(c/d)                                  0 0.0 1.0     1 1.0j73
  6  19 2  1  37.600 0   0.000 0  0.00  0.00  0.00  0.00  0.00  0.00  0.00 0 j73
  6  19 3  0 0  0  0  0  0  0  0  0  0  0  0  0  0  0  0  0  0  1  0  0  0  0j7
  6  20 1 sn-(c/b)/4                                      0 0.0 1.0     1 1.0j73
  6  20 2  1  26.260 0   0.000 0  0.00  0.00  0.00  0.00  0.00  0.00  0.00 0 j73
  6  20 3  0 0  0  0  0  0  0  0  0  0  0  0  0  0  0  0  0  0  1  0  0  0  0j7
  6  21 1 sn-(c)/3-(c/b)                                  0 0.0 1.0     1 1.0j73
  6  21 2  1  34.930 0   0.000 0  0.00  0.00  0.00  0.00  0.00  0.00  0.00 0 j73
  6  21 3  0 0  0  0  0  0  0  0  0  0  0  0  0  0  0  0  0  0  1  0  0  0  0j7
  6  22 1 sn-(c)/3-(sn)                                   0 0.0 1.0     1 1.0j73
  6  22 2  1  26.400 0   0.000 0  0.00  0.00  0.00  0.00  0.00  0.00  0.00 0 j73
  6  22 3  0 0  0  0  0  0  0  0  0  0  0  0  0  0  0  0  0  0  1  0  0  0  0j7
  6  23 1 c-(pb)-(h)/3                                    0 0.0 3.0     1 1.0j73
  6  23 2  3 -10.080 0   0.000 0  0.00  0.00  0.00  0.00  0.00  0.00  0.00 0 j73
  6  23 3  0 0  0  0  0  0  0  0  0  3  0  0  0  0  0  0  0  0  1  0  0  0  0j7
  6  24 1 c-(pb)-(c)-(h)/2                                0 0.0 1.0     1 1.0j73
  6  24 2  1  -1.700 0   0.000 0  0.00  0.00  0.00  0.00  0.00  0.00  0.00 0 j73
  6  24 3  0 0  0  1  0  0  0  0  0  2  0  0  0  0  0  0  0  0  0  0  0  0  0j7
  6  25 1 pb-(c)/4                                        0 0.0 1.0     1 1.0j73
  6  25 2  1  72.900 0   0.000 0  0.00  0.00  0.00  0.00  0.00  0.00  0.00 0 j73
  6  25 3  0 0  0  0  0  0  0  0  0  0  0  0  0  0  0  1  0  0  0  0  0  0  0j7
  6  26 1 o-(cr)-(c)                                      0 0.0 1.0     1 1.0j73
  6  26 2  3 -23.500 0   0.000 0  0.00  0.00  0.00  0.00  0.00  0.00  0.00 0 j73
  6  26 3  0 0  0  0  0  0  0  0  0  0  0  0  0  1  0  0  0  0  0  0  0  0  0j7
  6  27 1 cr-(o)/4                                        0 0.0 1.0     1 1.0j73
  6  27 2  1 -64.000 0   0.000 0  0.00  0.00  0.00  0.00  0.00  0.00  0.00 0 j73
  6  27 3  0 0  0  0  0  0  1  0  0  0  0  0  0  0  0  0  0  0  0  0  0  0  0j7
  6  28 1 c-(zn)-(h)/3                                    0 0.0 3.0     1 1.0j73
  6  28 2  3 -10.080 0   0.000 0  0.00  0.00  0.00  0.00  0.00  0.00  0.00 0 j73
  6  28 3  0 0  0  1  0  0  0  0  0  3  0  0  0  0  0  0  0  0  0  0  0  0  0j7
  6  29 1 c-(zn)-(c)-(h)/2                                0 0.0 1.0     1 1.0j73
  6  29 2  1  -1.780 0   0.000 0  0.00  0.00  0.00  0.00  0.00  0.00  0.00 0 j73
  6  29 3  0 0  0  1  0  0  0  0  0  2  0  0  0  0  0  0  0  0  0  0  0  0  0j7
  6  30 1 zn-(c)/2                                        0 0.0 1.0     1 1.0j73
  6  30 2  1  33.300 0   0.000 0  0.00  0.00  0.00  0.00  0.00  0.00  0.00 0 j73
  6  30 3  0 0  0  0  0  0  0  0  0  0  0  0  0  0  0  0  0  0  0  0  0  1  0j7
  6  31 1 o-(ti)-(c)                                      0 0.0 1.0     1 1.0j73
  6  31 2  3 -23.500 0   0.000 0  0.00  0.00  0.00  0.00  0.00  0.00  0.00 0 j73
  6  31 3  0 0  0  0  0  0  0  0  0  0  0  0  0  1  0  0  0  0  0  0  0  0  0j7
  6  32 1 ti-(o)/4                                        0 0.0 1.0     1 1.0j73
  6  32 2  1-157.000 0   0.000 0  0.00  0.00  0.00  0.00  0.00  0.00  0.00 0 j73
  6  32 3  0 0  0  0  0  0  0  0  0  0  0  0  0  0  0  0  0  0  0  1  0  0  0j7
  6  33 1 n-(ti)-(c)/2                                    0 0.0 1.0     1 1.0j73
  6  33 2  3  39.100 0   0.000 0  0.00  0.00  0.00  0.00  0.00  0.00  0.00 0 j73
  6  33 3  0 0  0  0  0  0  0  0  0  0  0  0  1  0  0  0  0  0  0  0  0  0  0j7
  6  34 1 ti-(n)/4                                        0 0.0 1.0     1 1.0j73
  6  34 2  1-123.000 0   0.000 0  0.00  0.00  0.00  0.00  0.00  0.00  0.00 0 j73
  6  34 3  0 0  0  0  0  0  0  0  0  0  0  0  0  0  0  0  0  0  0  1  0  0  0j7
  6  35 1 o-(v)-(c)                                       0 0.0 1.0     1 1.0j73
  6  35 2  3 -23.500 0   0.000 0  0.00  0.00  0.00  0.00  0.00  0.00  0.00 0 j73
  6  35 3  0 0  0  0  0  0  0  0  0  0  0  0  0  1  0  0  0  0  0  0  0  0  0j7
  6  36 1 v-(o)/4                                         0 0.0 1.0     1 1.0j73
  6  36 2  1 -87.000 0   0.000 0  0.00  0.00  0.00  0.00  0.00  0.00  0.00 0 j73
  6  36 3  0 0  0  0  0  0  0  0  0  0  0  0  0  0  0  0  0  0  0  0  1  0  0j7
  6  37 1 c-(cd)-(h)/3                                    0 0.0 3.0     1 1.0j73
  6  37 2  3 -10.080 0   0.000 0  0.00  0.00  0.00  0.00  0.00  0.00  0.00 0 j73
  6  37 3  0 0  0  1  0  0  0  0  0  3  0  0  0  0  0  0  0  0  0  0  0  0  0j7
  6  38 1 c-(cd)-(c)-(h)/2                                0 0.0 1.0     1 1.0j73
  6  38 2  1  -0.300 0   0.000 0  0.00  0.00  0.00  0.00  0.00  0.00  0.00 0 j73
  6  38 3  0 0  0  1  0  0  0  0  0  2  0  0  0  0  0  0  0  0  0  0  0  0  0j7
  6  39 1 cd-(c)/2                                        0 0.0 1.0     1 1.0j73
  6  39 2  1  46.400 0   0.000 0  0.00  0.00  0.00  0.00  0.00  0.00  0.00 0 j73
  6  39 3  0 0  0  0  1  0  0  0  0  0  0  0  0  0  0  0  0  0  0  0  0  0  0j7
  6  40 1 c-(al)-(h)/3                                    0 0.0 3.0     1 1.0j73
  6  40 2  3 -10.080 0   0.000 0  0.00  0.00  0.00  0.00  0.00  0.00  0.00 0 j73
  6  40 3  0 0  0  1  0  0  0  0  0  3  0  0  0  0  0  0  0  0  0  0  0  0  0j7
  6  41 1 c-(al)-(c)-(h)/2                                0 0.0 1.0     1 1.0j73
  6  41 2  1   0.700 0   0.000 0  0.00  0.00  0.00  0.00  0.00  0.00  0.00 0 j73
  6  41 3  0 0  0  1  0  0  0  0  0  2  0  0  0  0  0  0  0  0  0  0  0  0  0j7
  6  42 1 al-(c)/3                                        0 0.0 1.0     1 1.0j73
  6  42 2  1   9.200 0   0.000 0  0.00  0.00  0.00  0.00  0.00  0.00  0.00 0 j73
  6  42 3  1 0  0  0  0  0  0  0  0  0  0  0  0  0  0  0  0  0  0  0  0  0  0j7
  6  43 1 c-(ge)-(c)-(h)/2                                0 0.0 1.0     1 1.0j73
  6  43 2  1  -7.700 0   0.000 0  0.00  0.00  0.00  0.00  0.00  0.00  0.00 0 j73
  6  43 3  0 0  0  1  0  0  0  0  0  2  0  0  0  0  0  0  0  0  0  0  0  0  0j7
  6  44 1 ge-(c)/4                                        0 0.0 1.0     1 1.0j73
  6  44 2  3  36.200 0   0.000 0  0.00  0.00  0.00  0.00  0.00  0.00  0.00 0 j73
  6  44 3  0 0  0  0  0  0  0  0  1  0  0  0  0  0  0  0  0  0  0  0  0  0  0j7
  6  45 1 ge-(ge)-(c)/3                                   0 0.0 1.0     1 1.0j73
  6  45 2  1  15.600 0   0.000 0  0.00  0.00  0.00  0.00  0.00  0.00  0.00 0 j73
  6  45 3  0 0  0  0  0  0  0  0  1  0  0  0  0  0  0  0  0  0  0  0  0  0  0j7
  6  46 1 c-(hg)-(h)/3                                    0 0.0 3.0     1 1.0j73
  6  46 2  3 -10.080 0   0.000 0  0.00  0.00  0.00  0.00  0.00  0.00  0.00 0 j73
  6  46 3  0 0  0  1  0  0  0  0  0  3  0  0  0  0  0  0  0  0  0  0  0  0  0j7
  6  47 1 c-(hg)-(c)-(h)/2                                0 0.0 1.0     1 1.0j73
  6  47 2  1  -2.680 0   0.000 0  0.00  0.00  0.00  0.00  0.00  0.00  0.00 0 j73
  6  47 3  0 0  0  1  0  0  0  0  0  2  0  0  0  0  0  0  0  0  0  0  0  0  0j7
  6  48 1 c-(hg)-(c)/2-(h)                                0 0.0 1.0     1 1.0j73
  6  48 2  1   3.620 0   0.000 0  0.00  0.00  0.00  0.00  0.00  0.00  0.00 0 j73
  6  48 3  0 0  0  1  0  0  0  0  0  1  0  0  0  0  0  0  0  0  0  0  0  0  0j7
  6  49 1 c/b-(hg)-(c/b)/2                                0 0.0 1.0     1 1.0j73
  6  49 2  3  -1.800 0   0.000 0  0.00  0.00  0.00  0.00  0.00  0.00  0.00 0 j73
  6  49 3  0 0  0  1  0  0  0  0  0  0  0  0  0  0  0  0  0  0  0  0  0  0  0j7
  6  50 1 hg-(c)/2                                        0 0.0 1.0     1 1.0j73
  6  50 2  1  42.500 0   0.000 0  0.00  0.00  0.00  0.00  0.00  0.00  0.00 0 j73
  6  50 3  0 0  0  0  0  0  0  0  0  0  1  0  0  0  0  0  0  0  0  0  0  0  0j7
  6  51 1 hg-(c)-(cl)                                     0 0.0 1.0     1 1.0j73
  6  51 2  1  -2.820 0   0.000 0  0.00  0.00  0.00  0.00  0.00  0.00  0.00 0 j73
  6  51 3  0 0  0  0  0  1  0  0  0  0  1  0  0  0  0  0  0  0  0  0  0  0  0j7
  6  52 1 hg-(c)-(br)                                     0 0.0 1.0     1 1.0j73
  6  52 2  1   4.880 0   0.000 0  0.00  0.00  0.00  0.00  0.00  0.00  0.00 0 j73
  6  52 3  0 0  1  0  0  0  0  0  0  0  1  0  0  0  0  0  0  0  0  0  0  0  0j7
  6  53 1 hg-(c)-(i)                                      0 0.0 1.0     1 1.0j73
  6  53 2  1  15.780 0   0.000 0  0.00  0.00  0.00  0.00  0.00  0.00  0.00 0 j73
  6  53 3  0 0  0  0  0  0  0  0  0  0  1  1  0  0  0  0  0  0  0  0  0  0  0j7
  6  54 1 hg-(c/b)/2                                      0 0.0 1.0     1 1.0j73
  6  54 2  1  64.400 0   0.000 0  0.00  0.00  0.00  0.00  0.00  0.00  0.00 0 j73
  6  54 3  0 0  0  0  0  0  0  0  0  0  1  0  0  0  0  0  0  0  0  0  0  0  0j7
  6  55 1 hg-(c/b)-(cl)                                   0 0.0 1.0     1 1.0j73
  6  55 2  1   9.900 0   0.000 0  0.00  0.00  0.00  0.00  0.00  0.00  0.00 0 j73
  6  55 3  0 0  0  0  0  1  0  0  0  0  1  0  0  0  0  0  0  0  0  0  0  0  0j7
  6  56 1 hg-(c/b)-(br)                                   0 0.0 1.0     1 1.0j73
  6  56 2  1  18.100 0   0.000 0  0.00  0.00  0.00  0.00  0.00  0.00  0.00 0 j73
  6  56 3  0 0  1  0  0  0  0  0  0  0  1  0  0  0  0  0  0  0  0  0  0  0  0j7
  6  57 1 hg-(c/b)-(i)                                    0 0.0 1.0     1 1.0j73
  6  57 2  1  27.900 0   0.000 0  0.00  0.00  0.00  0.00  0.00  0.00  0.00 0 j73
  6  57 3  0 0  0  0  0  0  0  0  0  0  1  1  0  0  0  0  0  0  0  0  0  0  0j7
  6  58 1 c-(p)(h)/3                                      0 0.0 3.0     1 1.0j73
  6  58 2  3 -10.080 3  30.400 1  0.00  0.00  0.00  0.00  0.00  0.00  0.00 0 j73
  6  58 3  0 0  0  1  0  0  0  0  0  3  0  0  0  0  0  0  0  0  0  0  0  0  0j7
  6  59 1 c-(p)(c)(h)/2                                   0 0.0 1.0     1 1.0j73
  6  59 2  1  -2.470 0   0.000 0  0.00  0.00  0.00  0.00  0.00  0.00  0.00 0 j73
  6  59 3  0 0  0  0  0  0  0  0  0  2  0  0  0  0  0  0  0  0  0  0  0  0  0j7
  6  60 1 c-(po)(h)/3                                     0 0.0 3.0     1 1.0j73
  6  60 2  3 -10.080 3  30.400 1  0.00  0.00  0.00  0.00  0.00  0.00  0.00 0 j73
  6  60 3  0 0  0  1  0  0  0  0  0  3  0  0  0  0  0  0  0  0  0  0  0  0  0j7
  6  61 1 c-(po)(c)(h)/2                                  0 0.0 1.0     1 1.0j73
  6  61 2  1  -3.400 0   0.000 0  0.00  0.00  0.00  0.00  0.00  0.00  0.00 0 j73
  6  61 3  0 0  0  1  0  0  0  0  0  2  0  0  0  0  0  0  0  0  0  0  0  0  0j7
  6  62 1 c-(pn)-(h)/3                                    0 0.0 3.0     1 1.0j73
  6  62 2  3 -10.080 3  30.400 1  0.00  0.00  0.00  0.00  0.00  0.00  0.00 0 j73
  6  62 3  0 0  0  1  0  0  0  0  0  3  0  0  0  0  0  0  0  0  0  0  0  0  0j7
  6  63 1 c-(pn)-(c)-(h)/2                                0 0.0 1.0     1 1.0j73
  6  63 2  1  19.400 0   0.000 0  0.00  0.00  0.00  0.00  0.00  0.00  0.00 0 j73
  6  63 3  0 0  0  1  0  0  0  0  0  2  0  0  0  0  0  0  0  0  0  0  0  0  0j7
  6  64 1 c/b-(p)-(c/b)/2                                 0 0.0 1.0     1 1.0j73
  6  64 2  3  -1.800 0   0.000 0  0.00  0.00  0.00  0.00  0.00  0.00  0.00 0 j73
  6  64 3  0 0  0  1  0  0  0  0  0  0  0  0  0  0  0  0  0  0  0  0  0  0  0j7
  6  65 1 c/b-(po)-(c/b)/2                                0 0.0 1.0     1 1.0j73
  6  65 2  3   2.300 0   0.000 0  0.00  0.00  0.00  0.00  0.00  0.00  0.00 0 j73
  6  65 3  0 0  0  1  0  0  0  0  0  0  0  0  0  0  0  0  0  0  0  0  0  0  0j7
  6  66 1 c/b-(pn)-(c/b)/2                                0 0.0 1.0     1 1.0j73
  6  66 2  3   2.300 0   0.000 0  0.00  0.00  0.00  0.00  0.00  0.00  0.00 0 j73
  6  66 3  0 0  0  1  0  0  0  0  0  0  0  0  0  0  0  0  0  0  0  0  0  0  0j7
  6  67 1 p-(c)/3                                         0 0.0 1.0     1 1.0j73
  6  67 2  1   7.000 0   0.000 0  0.00  0.00  0.00  0.00  0.00  0.00  0.00 0 j73
  6  67 3  0 0  0  0  0  0  0  0  0  0  0  0  0  0  1  0  0  0  0  0  0  0  0j7
  6  68 1 p-(c)(cl)/2                                     0 0.0 1.0     1 1.0j73
  6  68 2  1 -50.300 0   0.000 0  0.00  0.00  0.00  0.00  0.00  0.00  0.00 0 j73
  6  68 3  0 0  0  0  0  2  0  0  0  0  0  0  0  0  1  0  0  0  0  0  0  0  0j7
  6  69 1 p-(c/b)/3                                       0 0.0 1.0     1 1.0j73
  6  69 2  1  28.300 0   0.000 0  0.00  0.00  0.00  0.00  0.00  0.00  0.00 0 j73
  6  69 3  0 0  0  0  0  0  0  0  0  0  0  0  0  0  1  0  0  0  0  0  0  0  0j7
  6  70 1 p-(o)/3                                         0 0.0 1.0     1 1.0j73
  6  70 2  1 -66.800 0   0.000 0  0.00  0.00  0.00  0.00  0.00  0.00  0.00 0 j73
  6  70 3  0 0  0  0  0  0  0  0  0  0  0  0  0  0  1  0  0  0  0  0  0  0  0j7
  6  71 1 p-(n)/3                                         0 0.0 1.0     1 1.0j73
  6  71 2  3 -66.800 0   0.000 0  0.00  0.00  0.00  0.00  0.00  0.00  0.00 0 j73
  6  71 3  0 0  0  0  0  0  0  0  0  0  0  0  0  0  1  0  0  0  0  0  0  0  0j7
  6  72 1 po-(c)/3                                        0 0.0 1.0     1 1.0j73
  6  72 2  1 -72.800 0   0.000 0  0.00  0.00  0.00  0.00  0.00  0.00  0.00 0 j73
  6  72 3  0 0  0  0  0  0  0  0  0  0  0  0  0  1  1  0  0  0  0  0  0  0  0j7
  6  73 1 po-(c)(f)/2                                     0 0.0 1.0     1 1.0j73
  6  73 2  0   0.000 1  46.770 0  0.00  0.00  0.00  0.00  0.00  0.00  0.00 0 j73
  6  73 3  0 0  0  0  0  0  0  2  0  0  0  0  0  1  1  0  0  0  0  0  0  0  0j7
  6  74 1 po-(c)(cl)(f)                                   0 0.0 1.0     1 1.0j73
  6  74 2  0   0.000 1  50.800 0  0.00  0.00  0.00  0.00  0.00  0.00  0.00 0 j73
  6  74 3  0 0  0  0  0  1  0  1  0  0  0  0  0  1  1  0  0  0  0  0  0  0  0j7
  6  75 1 po-(c)(cl)/2                                    0 0.0 1.0     1 1.0j73
  6  75 2  1-123.000 1  52.970 0  0.00  0.00  0.00  0.00  0.00  0.00  0.00 0 j73
  6  75 3  0 0  0  0  0  2  0  0  0  0  0  0  0  1  1  0  0  0  0  0  0  0  0j7
  6  76 1 po-(c)(o)(cl)                                   0 0.0 1.0     1 1.0j73
  6  76 2  1-112.600 0   0.000 0  0.00  0.00  0.00  0.00  0.00  0.00  0.00 0 j73
  6  76 3  0 0  0  0  0  1  0  0  0  0  0  0  0  1  1  0  0  0  0  0  0  0  0j7
  6  77 1 po-(c)(o)/2                                     0 0.0 1.0     1 1.0j73
  6  77 2  1 -99.500 0   0.000 0  0.00  0.00  0.00  0.00  0.00  0.00  0.00 0 j73
  6  77 3  0 0  0  0  0  0  0  0  0  0  0  0  0  1  1  0  0  0  0  0  0  0  0j7
  6  78 1 po-(o)/3                                        0 0.0 1.0     1 1.0j73
  6  78 2  1-104.600 0   0.000 0  0.00  0.00  0.00  0.00  0.00  0.00  0.00 0 j73
  6  78 3  0 0  0  1  0  0  0  0  0  0  0  0  0  0  1  0  0  0  0  0  0  0  0j7
  6  79 1 po-(o)/2(f)                                     0 0.0 1.0     1 1.0j73
  6  79 2  1-167.700 0   0.000 0  0.00  0.00  0.00  0.00  0.00  0.00  0.00 0 j73
  6  79 3  0 0  0  0  0  0  0  1  0  0  0  0  0  1  1  0  0  0  0  0  0  0  0j7
  6  80 1 po-(c/b)/3                                      0 0.0 1.0     1 1.0j73
  6  80 2  1 -52.900 0   0.000 0  0.00  0.00  0.00  0.00  0.00  0.00  0.00 0 j73
  6  80 3  0 0  0  0  0  0  0  0  0  0  0  0  0  1  1  0  0  0  0  0  0  0  0j7
  6  81 1 po-(n)/3                                        0 0.0 1.0     1 1.0j73
  6  81 2  3-104.600 0   0.000 0  0.00  0.00  0.00  0.00  0.00  0.00  0.00 0 j73
  6  81 3  0 0  0  0  0  0  0  0  0  0  0  0  0  1  1  0  0  0  0  0  0  0  0j7
  6  82 1 o-(c)(p)                                        0 0.0 1.0     1 1.0j73
  6  82 2  3 -23.500 0   0.000 0  0.00  0.00  0.00  0.00  0.00  0.00  0.00 0 j73
  6  82 3  0 0  0  0  0  0  0  0  0  0  0  0  0  1  0  0  0  0  0  0  0  0  0j7
  6  83 1 o-(h)(p)                                        0 0.0 1.0     1 1.0j73
  6  83 2  1 -58.700 0   0.000 0  0.00  0.00  0.00  0.00  0.00  0.00  0.00 0 j73
  6  83 3  0 0  0  0  0  0  0  0  0  0  0  0  0  1  0  0  0  0  0  0  0  0  0j7
  6  84 1 o-(c)(po)                                       0 0.0 1.0     1 1.0j73
  6  84 2  3 -40.700 0   0.000 0  0.00  0.00  0.00  0.00  0.00  0.00  0.00 0 j73
  6  84 3  0 0  0  0  0  0  0  0  0  0  0  0  0  1  0  0  0  0  0  0  0  0  0j7
  6  85 1 o-(h)(po)                                       0 0.0 1.0     1 1.0j73
  6  85 2  1 -65.000 0   0.000 0  0.00  0.00  0.00  0.00  0.00  0.00  0.00 0 j73
  6  85 3  0 0  0  0  0  0  0  0  0  1  0  0  0  1  0  0  0  0  0  0  0  0  0j7
  6  86 1 o-(po)/2                                        0 0.0 1.0     1 1.0j73
  6  86 2  1 -54.500 0   0.000 0  0.00  0.00  0.00  0.00  0.00  0.00  0.00 0 j73
  6  86 3  0 0  0  0  0  0  0  0  0  0  0  0  0  1  0  0  0  0  0  0  0  0  0j7
  6  87 1 o-(pn)-(c)                                      0 0.0 1.0     1 1.0j73
  6  87 2  3 -40.700 0   0.000 0  0.00  0.00  0.00  0.00  0.00  0.00  0.00 0 j73
  6  87 3  0 0  0  0  0  0  0  0  0  0  0  0  0  1  0  0  0  0  0  0  0  0  0j7
  6  88 1 n-(p)(c)/2                                      0 0.0 1.0     1 1.0j73
  6  88 2  1  32.200 0   0.000 0  0.00  0.00  0.00  0.00  0.00  0.00  0.00 0 j73
  6  88 3  0 0  0  0  0  0  0  0  0  0  0  0  1  0  0  0  0  0  0  0  0  0  0j7
  6  89 1 n-(po)(c)/2                                     0 0.0 1.0     1 1.0j73
  6  89 2  1  17.800 0   0.000 0  0.00  0.00  0.00  0.00  0.00  0.00  0.00 0 j73
  6  89 3  0 0  0  0  0  0  0  0  0  0  0  0  1  0  0  0  0  0  0  0  0  0  0j7
  6  90 1 pn-(c)/4                                        0 0.0 1.0     1 1.0j73
  6  90 2  3   0.500 0   0.000 0  0.00  0.00  0.00  0.00  0.00  0.00  0.00 0 j73
  6  90 3  0 0  0  0  0  0  0  0  0  0  0  0  1  0  0  0  0  0  0  0  0  0  0j7
  6  91 1 pn-(c/b)/3-(c)                                  0 0.0 1.0     1 1.0j73
  6  91 2  1 -25.700 0   0.000 0  0.00  0.00  0.00  0.00  0.00  0.00  0.00 0 j73
  6  91 3  0 0  0  0  0  0  0  0  0  0  0  0  1  0  1  0  0  0  0  0  0  0  0j7
  6  92 1 pn-(pn)/2-(c)/2                                 0 0.0 1.0     1 1.0j73
  6  92 2  1 -15.500 0   0.000 0  0.00  0.00  0.00  0.00  0.00  0.00  0.00 0 j73
  6  92 3  0 0  0  0  0  0  0  0  0  0  0  0  1  0  1  0  0  0  0  0  0  0  0j7
  6  93 1 pn-(pn)/2-(c/b)/2                               0 0.0 1.0     1 1.0j73
  6  93 2  1 -22.900 0   0.000 0  0.00  0.00  0.00  0.00  0.00  0.00  0.00 0 j73
  6  93 3  0 0  0  0  0  0  0  0  0  0  0  0  1  0  1  0  0  0  0  0  0  0  0j7
  6  94 1 pn-(pn)/2-(cl)/2                                0 0.0 1.0     1 1.0j73
  6  94 2  1 -58.200 0   0.000 0  0.00  0.00  0.00  0.00  0.00  0.00  0.00 0 j73
  6  94 3  0 0  0  0  0  0  0  0  0  0  0  0  1  0  1  0  0  0  0  0  0  0  0j7
  6  95 1 pn-(pn)/2(o)/2                                  0 0.0 1.0     1 1.0j73
  6  95 2  1 -43.400 0   0.000 0  0.00  0.00  0.00  0.00  0.00  0.00  0.00 0 j73
  6  95 3  0 0  0  0  0  0  0  0  0  0  0  0  1  0  1  0  0  0  0  0  0  0  0j7
  6  96 1 c-(b)(h)/3                                      0 0.0 3.0     1 1.0j73
  6  96 2  3 -10.080 0   0.000 0  0.00  0.00  0.00  0.00  0.00  0.00  0.00 0 j73
  6  96 3  0 0  0  1  0  0  0  0  0  3  0  0  0  0  0  0  0  0  0  0  0  0  0j7
  6  97 1 c-(b)(c)(h)/2                                   0 0.0 1.0     1 1.0j73
  6  97 2  1  -2.220 0   0.000 0  0.00  0.00  0.00  0.00  0.00  0.00  0.00 0 j73
  6  97 3  0 0  0  1  0  0  0  0  0  2  0  0  0  0  0  0  0  0  0  0  0  0  0j7
  6  98 1 c-(b)(c)/2(h)                                   0 0.0 1.0     1 1.0j73
  6  98 2  1   1.100 0   0.000 0  0.00  0.00  0.00  0.00  0.00  0.00  0.00 0 j73
  6  98 3  0 0  0  1  0  0  0  0  0  1  0  0  0  0  0  0  0  0  0  0  0  0  0j7
  6  99 1 c-('bo3')(h)/3                                  0 0.0 3.0     1 1.0j73
  6  99 2  3 -10.080 0   0.000 0  0.00  0.00  0.00  0.00  0.00  0.00  0.00 0 j73
  6  99 3  0 0  0  1  0  0  0  0  0  3  0  0  0  0  0  0  0  0  0  0  0  0  0j7
  6 100 1 c-('bo3')(c)(h)/2                               0 0.0 1.0     1 1.0j73
  6 100 2  1  -2.200 0   0.000 0  0.00  0.00  0.00  0.00  0.00  0.00  0.00 0 j73
  6 100 3  0 0  0  1  0  0  0  0  0  2  0  0  0  0  0  0  0  0  0  0  0  0  0j7
  6 101 1 c/d-(b)(h)                                      0 0.0 1.0     1 1.0j73
  6 101 2  1  15.600 0   0.000 0  0.00  0.00  0.00  0.00  0.00  0.00  0.00 0 j73
  6 101 3  0 0  0  1  0  0  0  0  0  1  0  0  0  0  0  0  0  0  0  0  0  0  0j7
  6 102 1 b-(c)/3                                         0 0.0 1.0     1 1.0j73
  6 102 2  1   0.900 0   0.000 0  0.00  0.00  0.00  0.00  0.00  0.00  0.00 0 j73
  6 102 3  0 1  0  0  0  0  0  0  0  0  0  0  0  0  0  0  0  0  0  0  0  0  0j7
  6 103 1 b-(c)(f)/2                                      0 0.0 2.0     1 1.0j73
  6 103 2  1-187.900 0   0.000 0  0.00  0.00  0.00  0.00  0.00  0.00  0.00 0 j73
  6 103 3  0 1  0  0  0  0  0  2  0  0  0  0  0  0  0  0  0  0  0  0  0  0  0j7
  6 104 1 b-(c)/2(cl)                                     0 0.0 1.0     1 1.0j73
  6 104 2  1 -42.700 0   0.000 0  0.00  0.00  0.00  0.00  0.00  0.00  0.00 0 j73
  6 104 3  0 1  0  0  0  1  0  0  0  0  0  0  0  0  0  0  0  0  0  0  0  0  0j7
  6 105 1 b-(c)/2(br)                                     0 0.0 1.0     1 1.0j73
  6 105 2  1 -26.900 0   0.000 0  0.00  0.00  0.00  0.00  0.00  0.00  0.00 0 j73
  6 105 3  0 1  1  0  0  0  0  0  0  0  0  0  0  0  0  0  0  0  0  0  0  0  0j7
  6 106 1 b-(c)/2(i)                                      0 0.0 1.0     1 1.0j73
  6 106 2  1  -8.900 0   0.000 0  0.00  0.00  0.00  0.00  0.00  0.00  0.00 0 j73
  6 106 3  0 1  0  0  0  0  0  0  0  0  0  1  0  0  0  0  0  0  0  0  0  0  0j7
  6 107 1 b-(c)/2(o)                                      0 0.0 1.0     1 1.0j73
  6 107 2  3  29.300 0   0.000 0  0.00  0.00  0.00  0.00  0.00  0.00  0.00 0 j73
  6 107 3  0 1  0  0  0  0  0  0  0  0  0  0  0  0  0  0  0  0  0  0  0  0  0j7
  6 108 1 b-(c/d)(f)/2                                    0 0.0 2.0     1 1.0j73
  6 108 2  3-192.900 0   0.000 0  0.00  0.00  0.00  0.00  0.00  0.00  0.00 0 j73
  6 108 3  0 1  0  0  0  0  0  2  0  0  0  0  0  0  0  0  0  0  0  0  0  0  0j7
  6 109 1 b-(o)/3                                         0 0.0 1.0     1 1.0j73
  6 109 2  3  24.400 0   0.000 0  0.00  0.00  0.00  0.00  0.00  0.00  0.00 0 j73
  6 109 3  0 1  0  0  0  0  0  0  0  0  0  0  0  0  0  0  0  0  0  0  0  0  0j7
  6 110 1 b-(o)/2(cl)                                     0 0.0 1.0     1 1.0j73
  6 110 2  1 -19.700 0   0.000 0  0.00  0.00  0.00  0.00  0.00  0.00  0.00 0 j73
  6 110 3  0 1  0  0  0  1  0  0  0  0  0  0  0  0  0  0  0  0  0  0  0  0  0j7
  6 111 1 b-(o)(cl)/2                                     0 0.0 2.0     1 1.0j73
  6 111 2  1 -61.200 0   0.000 0  0.00  0.00  0.00  0.00  0.00  0.00  0.00 0 j73
  6 111 3  0 1  0  0  0  0  0  0  0  0  0  0  0  0  0  0  0  0  0  0  0  0  0j7
  6 112 1 b-(o)/2(h)                                      0 0.0 1.0     1 1.0j73
  6 112 2  1  19.900 0   0.000 0  0.00  0.00  0.00  0.00  0.00  0.00  0.00 0 j73
  6 112 3  0 1  0  0  0  0  0  0  0  1  0  0  0  0  0  0  0  0  0  0  0  0  0j7
  6 113 1 b-(n)/3                                         0 0.0 1.0     1 1.0j73
  6 113 2  3  24.400 0   0.000 0  0.00  0.00  0.00  0.00  0.00  0.00  0.00 0 j73
  6 113 3  0 1  0  0  0  0  0  0  0  0  0  0  0  0  0  0  0  0  0  0  0  0  0j7
  6 114 1 b-(n)/2(cl)                                     0 0.0 1.0     1 1.0j73
  6 114 2  1 -23.800 0   0.000 0  0.00  0.00  0.00  0.00  0.00  0.00  0.00 0 j73
  6 114 3  0 1  0  0  0  1  0  0  0  0  0  0  0  0  0  0  0  0  0  0  0  0  0j7
  6 115 1 b-(n)(cl)/2                                     0 0.0 2.0     1 1.0j73
  6 115 2  1 -67.900 0   0.000 0  0.00  0.00  0.00  0.00  0.00  0.00  0.00 0 j73
  6 115 3  0 1  0  0  0  2  0  0  0  0  0  0  0  0  0  0  0  0  0  0  0  0  0j7
  6 116 1 'bo3'-(c)/3                                     0 0.0 1.0     1 1.0j73
  6 116 2  1-208.700 0   0.000 0  0.00  0.00  0.00  0.00  0.00  0.00  0.00 0 j73
  6 116 3  0 1  0  0  0  0  0  0  0  0  0  0  0  3  0  0  0  0  0  0  0  0  0j7
  6 117 1 o-(b)(h)                                        0 0.0 1.0     1 1.0j73
  6 117 2  1-115.500 0   0.000 0  0.00  0.00  0.00  0.00  0.00  0.00  0.00 0 j73
  6 117 3  0 0  0  0  0  0  0  0  0  0  0  0  0  1  0  0  0  0  0  0  0  0  0j7
  6 118 1 o-(b)(c)                                        0 0.0 1.0     1 1.0j73
  6 118 2  1 -69.430 0   0.000 0  0.00  0.00  0.00  0.00  0.00  0.00  0.00 0 j73
  6 118 3  0 0  0  0  0  0  0  0  0  0  0  0  0  1  0  0  0  0  0  0  0  0  0j7
  6 119 1 n-(b)(c)/2                                      0 0.0 1.0     1 1.0j73
  6 119 2  1  -9.930 0   0.000 0  0.00  0.00  0.00  0.00  0.00  0.00  0.00 0 j73
  6 119 3  0 0  0  0  0  0  0  0  0  0  0  0  1  0  0  0  0  0  0  0  0  0  0j7
  6 120 1 b-(s)/3                                         0 0.0 1.0     1 1.0j73
  6 120 2  1  24.500 0   0.000 0  0.00  0.00  0.00  0.00  0.00  0.00  0.00 0 j73
  6 120 3  0 1  0  0  0  0  0  0  0  0  0  0  0  0  0  0  0  0  0  0  0  0  0j7
  6 121 1 s-(b)(c)                                        0 0.0 1.0     1 1.0j73
  6 121 2  1 -14.500 0   0.000 0  0.00  0.00  0.00  0.00  0.00  0.00  0.00 0 j73
  6 121 3  0 0  0  0  0  0  0  0  0  0  0  0  0  0  0  0  1  0  0  0  0  0  0j7
  6 122 1 s-(b)(c/b)                                      0 0.0 1.0     1 1.0j73
  6 122 2  1  -7.800 0   0.000 0  0.00  0.00  0.00  0.00  0.00  0.00  0.00 0 j73
  6 122 3  0 0  0  0  0  0  0  0  0  0  0  0  0  0  0  0  1  0  0  0  0  0  0j7
  6 123 1 c/b-(pb)-(c/b)/2                                0 0.0 0.0     0 0.0j73
  6 123 2  7   5.510 0   0.000 0  0.00  0.00  0.00  0.00  0.00  0.00  0.00 0 j73
  6 123 3  0 0  0  1  0  0  0  0  0  0  0  0  0  0  0  0  0  0  0  0  0  0   j7
  6 124 1 pb-(c/b)/4                                      0 0.0 0.0     0 0.0j73
  6 124 2 17  81.600 0   0.000 0  0.00  0.00  0.00  0.00  0.00  0.00  0.00 0 j73
  6 124 3  0 0  0  0  0  0  0  0  0  0  0  0  0  0  0  1  0  0  0  0  0  0   j7
  6 125 1 c-(h)/3(si)                                     0 0.0 3.0     1 1.0j73
  6 125 2  7 -10.080 7  30.410 7  6.19  7.84  9.40 10.79 13.02 14.77 17.58 0 j73
  6 125 3  0 0  0  1  0  0  0  0  0  3  0  0  0  0  0  0  0  0  0  0  0  0  0j7
  6 126 1 si-(c)/4                                        0 0.0 1.0     1 1.0j73
  6 126 2  4 -28.200 4  44.080 4 27.05 32.24 36.91 40.90 47.45 52.49 60.42 0 j73
  6 126 3  0 0  0  0  0  0  0  0  0  0  0  0  0  0  0  0  0  1  0  0  0  0  0j7
  6 127 1 si-(c)(h)/3                                     0 0.0 3.0     1 1.0j73
  6 127 2  5  -2.000 5  30.850 5  9.47  0.00  0.00  0.00  0.00  0.00  0.00 0 j73
  6 127 3  0 0  0  0  0  0  0  0  0  3  0  0  0  0  0  0  0  1  0  0  0  0  0j7
  6 128 1 si-(c/b)/4                                      0 0.0 1.0     1 1.0j73
  6 128 2  5-145.300 0   0.000 0  0.00  0.00  0.00  0.00  0.00  0.00  0.00 0 j73
  6 128 3  0 0  0  0  0  0  0  0  0  0  0  0  0  0  0  0  0  1  0  0  0  0  0j7
  6 129 1 c/b-(si)-(c/b)/2                                0 0.0 1.0     1 1.0j73
  6 129 2  7   5.510 7  -7.690 7  2.67  3.14  3.68  4.15  4.96  5.44  5.98 0 j73
  6 129 3  0 0  0  1  0  0  0  0  0  0  0  0  0  0  0  0  0  0  0  0  0  0  0j7
  6 130 1 c-(h)/2(c)(si)                                  0 0.0 1.0     1 1.0j73
  6 130 2  5   7.630 0   0.000 0  0.00  0.00  0.00  0.00  0.00  0.00  0.00 0 j73
  6 130 3  0 0  0  1  0  0  0  0  0  3  0  0  0  0  0  0  0  0  0  0  0  0   j7
  6 131 1 c-(c/d)/2-(c)-(h)                               0 1.0 1.0     0 1.0m95
  6 131 2  1  -0.280 1 -12.808 1  4.80  0.00  0.00  0.00  0.00  0.00  0.00 1 m95
  6 131 3  0 0  0  4  0  0  0  0  0  1  0  0  0  0  0  0  0  0  0  0  0  0   m9
  6 132 1 c-(h)/2-(c/t)/2                                 0 1.0 1.0     0 1.0m95
  6 132 2  1  -9.830 1   0.000 1  0.00  0.00  0.00  0.00  0.00  0.00  0.00 1 m95
  6 132 3  0 0  0  3  0  0  0  0  0  2  0  0  0  0  0  0  0  0  0  0  0  0   m9
  6 133 1 c-(h)/2-(c/b)/2                                 0 1.0 1.0     0 1.0m95
  6 133 2  1 -11.094 1   0.000 1  0.00  0.00  0.00  0.00  0.00  0.00  0.00 1 m95
  6 133 3  0 0  0  3  0  0  0  0  0  2  0  0  0  0  0  0  0  0  0  0  0  0   m9
  6 134 1 c-(h)-(c/b)/3                                   0 1.0 1.0     0 1.0m95
  6 134 2  1  -1.639 1   0.000 1  0.00  0.00  0.00  0.00  0.00  0.00  0.00 1 m95
  6 134 3  0 0  0  3  0  0  0  0  0  1  0  0  0  0  0  0  0  0  0  0  0  0   m9
  6 135 1 c-(c/b)/4                                       0 1.0 1.0     0 1.0m95
  6 135 2  1   6.461 1   0.000 1  0.00  0.00  0.00  0.00  0.00  0.00  0.00 1 m95
  6 135 3  0 0  0  4  0  0  0  0  0  0  0  0  0  0  0  0  0  0  0  0  0  0   m9
  6 136 1 c-(h)-(o)-(co)-(c)                              0 1.0 1.0     0 1.0m95
  6 136 2  1  30.258 1   0.000 1  0.00  0.00  0.00  0.00  0.00  0.00  0.00 1 m95
  6 136 3  0 0  0  2  0  0  0  0  0  1  0  0  0  1  0  0  0  0  0  0  0  0   m9
  6 137 1 c-(o)/4                                         0 1.0 1.0     0 1.0m95
  6 137 2  1 -36.430 1   0.000 1  0.00  0.00  0.00  0.00  0.00  0.00  0.00 1 m95
  6 137 3  0 0  0  1  0  0  0  0  0  0  0  0  0  4  0  0  0  0  0  0  0  0   m9
  6 138 1 c-(h)-(o)/3                                     0 1.0 1.0     0 1.0m95
  6 138 2  1 -27.233 1   0.000 1  0.00  0.00  0.00  0.00  0.00  0.00  0.00 1 m95
  6 138 3  0 0  0  1  0  0  0  0  0  1  0  0  0  3  0  0  0  0  0  0  0  0   m9
  6 139 1 c-(o)/3-(c)                                     0 1.0 1.0     0 1.0m95
  6 139 2  1 -27.333 1   0.000 1  0.00  0.00  0.00  0.00  0.00  0.00  0.00 1 m95
  6 139 3  0 0  0  2  0  0  0  0  0  0  0  0  0  3  0  0  0  0  0  0  0  0   m9
  6 140 1 c-(c)/2-(o)-(c/b)                               0 1.0 1.0     0 1.0m95
  6 140 2  1   3.656 1   0.000 1  0.00  0.00  0.00  0.00  0.00  0.00  0.00 1 m95
  6 140 3  0 0  0  3  0  0  0  0  0  0  0  0  0  1  0  0  0  0  0  0  0  0   m9
  6 141 1 c-(h)/2-(n)/2                                   0 1.0 1.0     0 1.0m95
  6 141 2  1  -7.168 1   0.000 1  0.00  0.00  0.00  0.00  0.00  0.00  0.00 1 m95
  6 141 3  0 0  0  1  0  0  0  0  0  2  0  0  2  0  0  0  0  0  0  0  0  0   m9
  6 142 1 c-(h)/2-(c/b)-(n)                               0 1.0 1.0     0 1.0m95
  6 142 2  1  -5.768 1   0.000 1  0.00  0.00  0.00  0.00  0.00  0.00  0.00 1 m95
  6 142 3  0 0  0  2  0  0  0  0  0  2  0  0  1  0  0  0  0  0  0  0  0  0   m9
  6 143 1 n-(h)-(c/d)/2                                   0 1.0 1.0     0 1.0m95
  6 143 2  1  19.964 1   0.000 1  0.00  0.00  0.00  0.00  0.00  0.00  0.00 1 m95
  6 143 3  0 0  0  2  0  0  0  0  0  0  0  0  2  0  0  0  0  0  0  0  0  0   m9
  6 144 1 n-(c)-(c/d)/2                                   0 1.0 1.0     0 1.0m95
  6 144 2  1  28.827 1   0.000 1  0.00  0.00  0.00  0.00  0.00  0.00  0.00 1 m95
  6 144 3  0 0  0  3  0  0  0  0  0  0  0  0  1  0  0  0  0  0  0  0  0  0   m9
  6 145 1 n-(c)-(c/b)/2                                   0 1.0 1.0     0 1.0m95
  6 145 2  1  28.779 1   0.000 1  0.00  0.00  0.00  0.00  0.00  0.00  0.00 1 m95
  6 145 3  0 0  0  3  0  0  0  0  0  0  0  0  1  0  0  0  0  0  0  0  0  0   m9
  6 146 1 n-(c/b)/3                                       0 1.0 1.0     0 1.0m95
  6 146 2  1  29.427 1   0.000 1  0.00  0.00  0.00  0.00  0.00  0.00  0.00 1 m95
  6 146 3  0 0  0  3  0  0  0  0  0  0  0  0  1  0  0  0  0  0  0  0  0  0   m9
  6 147 1 n/a-(c/b)                                       0 1.0 1.0     0 1.0m95
  6 147 2  1  26.165 1   0.000 1  0.00  0.00  0.00  0.00  0.00  0.00  0.00 1 m95
  6 147 3  0 0  0  1  0  0  0  0  0  0  0  0  1  0  0  0  0  0  0  0  0  0   m9
  6 148 1 c-(h)/2-(c)-(n/a)                               0 1.0 1.0     0 1.0m95
  6 148 2  1  -4.946 1   0.000 1  0.00  0.00  0.00  0.00  0.00  0.00  0.00 1 m95
  6 148 3  0 0  0  2  0  0  0  0  0  2  0  0  1  0  0  0  0  0  0  0  0  0   m9
  6 149 1 c-(h)-(c)/2-(n/a)                               0 1.0 1.0     0 1.0m95
  6 149 2  1  -0.636 1   0.000 1  0.00  0.00  0.00  0.00  0.00  0.00  0.00 1 m95
  6 149 3  0 0  0  3  0  0  0  0  0  1  0  0  1  0  0  0  0  0  0  0  0  0   m9
  6 150 1 c-(c)/3-(n/a)                                   0 1.0 1.0     0 1.0m95
  6 150 2  1   2.748 1   0.000 1  0.00  0.00  0.00  0.00  0.00  0.00  0.00 1 m95
  6 150 3  0 0  0  4  0  0  0  0  0  0  0  0  1  0  0  0  0  0  0  0  0  0   m9
  6 151 1 c/d-(h)-(n)                                     0 1.0 1.0     0 1.0m95
  6 151 2  1  -3.823 1   0.000 1  0.00  0.00  0.00  0.00  0.00  0.00  0.00 1 m95
  6 151 3  0 0  0  1  0  0  0  0  0  1  0  0  1  0  0  0  0  0  0  0  0  0   m9
  6 152 1 c/d-(c)-(n)                                     0 1.0 1.0     0 1.0m95
  6 152 2  1  -1.372 1   0.000 1  0.00  0.00  0.00  0.00  0.00  0.00  0.00 1 m95
  6 152 3  0 0  0  2  0  0  0  0  0  0  0  0  1  0  0  0  0  0  0  0  0  0   m9
  6 153 1 c/b-(n/a)-(c/b)/2                               0 1.0 1.0     0 1.0m95
  6 153 2  1   5.388 1   0.000 1  0.00  0.00  0.00  0.00  0.00  0.00  0.00 1 m95
  6 153 3  0 0  0  1  0  0  0  0  0  0  0  0  1  0  0  0  0  0  0  0  0  0   m9
  6 154 1 c/b-(h)-(n/i)/2                                 0 1.0 1.0     0 1.0m95
  6 154 2  1   1.505 1   0.000 1  0.00  0.00  0.00  0.00  0.00  0.00  0.00 1 m95
  6 154 3  0 0  0  1  0  0  0  0  0  1  0  0  2  0  0  0  0  0  0  0  0  0   m9
  6 155 1 co-(c/d)-(n)                                    0 1.0 1.0     0 1.0m95
  6 155 2  1 -41.051 1   0.000 1  0.00  0.00  0.00  0.00  0.00  0.00  0.00 1 m95
  6 155 3  0 0  0  2  0  0  0  0  0  0  0  0  1  1  0  0  0  0  0  0  0  0   m9
  6 156 1 co-(n)/2                                        0 1.0 1.0     0 1.0m95
  6 156 2  1 -26.523 1  22.939 1  7.74  0.00  0.00  0.00  0.00  0.00  0.00 1 m95
  6 156 3  0 0  0  1  0  0  0  0  0  0  0  0  2  1  0  0  0  0  0  0  0  0   m9
  6 157 1 c-(c/d)-(cn)-(h)/2                              0 1.0 1.0     0 1.0m95
  6 157 2  1  22.774 1   0.000 1  0.00  0.00  0.00  0.00  0.00  0.00  0.00 1 m95
  6 157 3  0 0  0  3  0  0  0  0  0  2  0  0  1  0  0  0  0  0  0  0  0  0   m9
  6 159 1 c-(co)-(n)-(c)-(h)                              0 1.0 1.0     0 1.0m95
  6 159 2  1  -4.468 1   0.000 1  0.00  0.00  0.00  0.00  0.00  0.00  0.00 1 m95
  6 159 3  0 0  0  3  0  0  0  0  0  1  0  0  1  1  0  0  0  0  0  0  0  0   m9
  6 160 1 c-(co)-(n)-(h)/2                                0 1.0 1.0     0 1.0m95
  6 160 2  1  -0.741 1   0.000 1  0.00  0.00  0.00  0.00  0.00  0.00  0.00 1 m95
  6 160 3  0 0  0  2  0  0  0  0  0  2  0  0  1  1  0  0  0  0  0  0  0  0   m9
  6 161 1 n-(c)-('no2')/2                                 0 1.0 1.0     0 1.0m95
  6 161 2  1  23.967 1   0.000 1  0.00  0.00  0.00  0.00  0.00  0.00  0.00 1 m95
  6 161 3  0 0  0  1  0  0  0  0  0  0  0  0  3  4  0  0  0  0  0  0  0  0   m9
  6 163 1 n-(c)/2-(no)                                    0 1.0 1.0     0 1.0m95
  6 163 2  1  21.505 1   0.000 1  0.00  0.00  0.00  0.00  0.00  0.00  0.00 1 m95
  6 163 3  0 0  0  2  0  0  0  0  0  0  0  0  2  0  0  0  0  0  0  0  0  0   m9
  6 164 1 n-(c)/2-('no2')                                 0 1.0 1.0     0 1.0m95
  6 164 2  1  21.027 1   0.000 1  0.00  0.00  0.00  0.00  0.00  0.00  0.00 1 m95
  6 164 3  0 0  0  2  0  0  0  0  0  0  0  0  2  2  0  0  0  0  0  0  0  0   m9
  6 165 1 c-(s)/2-(h)/2                                   0 1.0 1.0     0 1.0m95
  6 165 2  1  -5.998 1   0.000 1  0.00  0.00  0.00  0.00  0.00  0.00  0.00 1 m95
  6 165 3  0 0  0  1  0  0  0  0  0  2  0  0  0  0  0  0  2  0  0  0  0  0   m9
  6 166 1 s-(c/d)-(h)                                     0 1.0 1.0     0 1.0m95
  6 166 2  1   6.098 1   0.000 1  0.00  0.00  0.00  0.00  0.00  0.00  0.00 1 m95
  6 166 3  0 0  0  1  0  0  0  0  0  1  0  0  0  0  0  0  1  0  0  0  0  0   m9
  6 167 1 s-(s)-(h)                                       0 1.0 1.0     0 1.0m95
  6 167 2  1   1.900 1   0.000 1  0.00  0.00  0.00  0.00  0.00  0.00  0.00 1 m95
  6 167 3  0 0  0  0  0  0  0  0  0  1  0  0  0  0  0  0  2  0  0  0  0  0   m9
  6 168 1 o-(so)-(h)                                      0 1.0 1.0     0 1.0m95
  6 168 2  1 -37.897 1   0.000 1  0.00  0.00  0.00  0.00  0.00  0.00  0.00 1 m95
  6 168 3  0 0  0  0  0  0  0  0  0  1  0  0  0  2  0  0  1  0  0  0  0  0   m9
  6 169 1 o-(so)-(c)                                      0 1.0 1.0     0 1.0m95
  6 169 2  1 -22.127 1   0.000 1  0.00  0.00  0.00  0.00  0.00  0.00  0.00 1 m95
  6 169 3  0 0  0  1  0  0  0  0  0  0  0  0  0  2  0  0  1  0  0  0  0  0   m9
  6 170 1 so-(o)/2                                        0 1.0 1.0     0 1.0m95
  6 170 2  1 -50.896 1   0.000 1  0.00  0.00  0.00  0.00  0.00  0.00  0.00 1 m95
  6 170 3  0 0  0  0  0  0  0  0  0  0  0  0  0  3  0  0  1  0  0  0  0  0   m9
  6 171 1 c-(c/d)-(c)-('so2')-(h)                         0 1.0 1.0     0 1.0m95
l   c-(c/d)-(c)-('so2')-(h)
  6 171 2  1 -17.202 1   0.000 1  0.00  0.00  0.00  0.00  0.00  0.00  0.00 1 m95
  6 171 3  0 0  0  3  0  0  0  0  0  1  0  0  0  2  0  0  1  0  0  0  0  0   m9
  6 172 1 c-(c/t)-('so2')-(h)/2                           0 1.0 1.0     0 1.0m95
l   c-(c/t)-('so2')-(h)/2
  6 172 2  1   3.909 1   0.000 1  0.00  0.00  0.00  0.00  0.00  0.00  0.00 1 m95
  6 172 3  0 0  0  2  0  0  0  0  0  2  0  0  0  2  0  0  1  0  0  0  0  0   m9
  6 173 1 c/t-('so2')                                     0 1.0 1.0     0 1.0m95
  6 173 2  1  42.318 1   0.000 1  0.00  0.00  0.00  0.00  0.00  0.00  0.00 1 m95
  6 173 3  0 0  0  1  0  0  0  0  0  0  0  0  0  2  0  0  1  0  0  0  0  0   m9
  6 174 1 'so2'-(o)/2                                     0 1.0 1.0     0 1.0m95
  6 174 2  1 -99.713 1   0.000 1  0.00  0.00  0.00  0.00  0.00  0.00  0.00 1 m95
  6 174 3  0 0  0  0  0  0  0  0  0  0  0  0  0  4  0  0  1  0  0  0  0  0   m9
  6 175 1 'so2'-(c/t)-(c/b)                               0 1.0 1.0     0 1.0m95
  6 175 2  1 -70.800 1   0.000 1  0.00  0.00  0.00  0.00  0.00  0.00  0.00 1 m95
  6 175 3  0 0  0  2  0  0  0  0  0  0  0  0  0  2  0  0  1  0  0  0  0  0   m9
  6 176 1 o-('so2')-(h)                                   0 1.0 1.0     0 1.0m95
  6 176 2  1 -37.897 1   0.000 1  0.00  0.00  0.00  0.00  0.00  0.00  0.00 1 m95
  6 176 3  0 0  0  0  0  0  0  0  0  1  0  0  0  3  0  0  1  0  0  0  0  0   m9
  6 177 1 o-('so2')-(c)                                   0 1.0 1.0     0 1.0m95
  6 177 2  1 -21.840 1   0.000 1  0.00  0.00  0.00  0.00  0.00  0.00  0.00 1 m95
  6 177 3  0 0  0  1  0  0  0  0  0  0  0  0  0  3  0  0  1  0  0  0  0  0   m9
  6 178 1 c-(c)-('cl')-(f)-(h)                            0 1.0 1.0     0 1.0m95
l   c-(c)-('cl')-(f)-(h)
  6 178 2  1 -64.789 1   0.000 1  0.00  0.00  0.00  0.00  0.00  0.00  0.00 1 m95
  6 178 3  0 0  0  2  0  1  0  1  0  1  0  0  0  0  0  0  0  0  0  0  0  0   m9
  6 179 1 c-(c)-(cl)/2-(f)                                0 1.0 1.0     0 1.0m95
  6 179 2  1 -77.070 1   0.000 1  0.00  0.00  0.00  0.00  0.00  0.00  0.00 1 m95
  6 179 3  0 0  0  2  0  2  0  1  0  0  0  0  0  0  0  0  0  0  0  0  0  0   m9
  6 180 1 c-(c)-(br)-(f)/2                                0 1.0 1.0     0 1.0m95
  6 180 2  1 -94.277 1   0.000 1  0.00  0.00  0.00  0.00  0.00  0.00  0.00 1 m95
  6 180 3  0 0  1  2  0  0  0  2  0  0  0  0  0  0  0  0  0  0  0  0  0  0   m9
  6 181 1 c-(h)/2-(co)-(cl)                               0 1.0 1.0     0 1.0m95
  6 181 2  1 -10.576 1   0.000 1  0.00  0.00  0.00  0.00  0.00  0.00  0.00 1 m95
  6 181 3  0 0  0  2  0  1  0  0  0  2  0  0  0  1  0  0  0  0  0  0  0  0   m9
  6 182 1 c-(h)-(co)-(cl)/2                               0 1.0 1.0     0 1.0m95
  6 182 2  1  -9.654 1   0.000 1  0.00  0.00  0.00  0.00  0.00  0.00  0.00 1 m95
  6 182 3  0 0  0  2  0  2  0  0  0  1  0  0  0  1  0  0  0  0  0  0  0  0   m9
  6 183 1 co-(c)-(f)                                      0 1.0 1.0     0 1.0m95
  6 183 2  1 -90.762 1   0.000 1  0.00  0.00  0.00  0.00  0.00  0.00  0.00 1 m95
  6 183 3  0 0  0  2  0  0  0  1  0  0  0  0  0  1  0  0  0  0  0  0  0  0   m9
  6 184 1 c-(c/b)-(cl)-(h)/2                              0 1.0 1.0     0 1.0m95
  6 184 2  1 -17.632 1   0.000 1  0.00  0.00  0.00  0.00  0.00  0.00  0.00 1 m95
  6 184 3  0 0  0  2  0  1  0  0  0  2  0  0  0  0  0  0  0  0  0  0  0  0   m9
  6 185 1 co-(c)-(cl)                                     0 1.0 1.0     0 1.0m95
  6 185 2  1 -47.919 1  42.213 1 10.06  0.00  0.00  0.00  0.00  0.00  0.00 1 m95
  6 185 3  0 0  0  2  0  1  0  0  0  0  0  0  0  1  0  0  0  0  0  0  0  0   m9
  6 186 1 co-(c)-(br)                                     0 1.0 1.0     0 1.0m95
  6 186 2  1 -35.493 1   0.000 1  0.00  0.00  0.00  0.00  0.00  0.00  0.00 1 m95
  6 186 3  0 0  1  2  0  0  0  0  0  0  0  0  0  1  0  0  0  0  0  0  0  0   m9
  6 187 1 co-(c)-(i)                                      0 1.0 1.0     0 1.0m95
  6 187 2  1 -20.057 1   0.000 1  0.00  0.00  0.00  0.00  0.00  0.00  0.00 1 m95
  6 187 3  0 0  0  2  0  0  0  0  0  0  0  1  0  1  0  0  0  0  0  0  0  0   m9
  6 188 1 c-(co)-(cl)-(c)-(h)                             0 1.0 1.0     0 1.0m95
l   c-(co)-(cl)-(c)-(h)
  6 188 2  1  -9.529 1   0.000 1  0.00  0.00  0.00  0.00  0.00  0.00  0.00 1 m95
  6 188 3  0 0  0  3  0  1  0  0  0  1  0  0  0  1  0  0  0  0  0  0  0  0   m9
  6 189 1 c-(h)/3-(n/a)                                   0 1.0 1.0     0 1.0m95
  6 189 2  1 -10.098 1  30.423 1  6.15  7.84  9.40 10.79 13.02 14.77 17.58 1 m95
  6 189 3  0 0  0  1  0  0  0  0  0  3  0  0  1  0  0  0  0  0  0  0  0  0   m9
  6 190 1 c-(h)/3-(n/i)                                   0 1.0 1.0     0 1.0m95
  6 190 2  1 -10.098 1  30.423 1  6.15  7.84  9.40 10.79 13.02 14.77 17.58 1 m95
  6 190 3  0 0  0  1  0  0  0  0  0  3  0  0  1  0  0  0  0  0  0  0  0  0   m9
