  1   1 1 c-(h)/3-(c)                                     0 0.0 3.0     1 1.0j73
  1   1 2  1 -10.010 1  30.290 1  7.74  9.24 10.62 12.84 14.59 14.77 17.58 0 j73
  1   1 3  0 0  0  1  0  0  0  0  0  3  0  0  0  0  0  0  0  0  0  0  0  0  0j7
  1   2 1 c-(c/b)(h)/3                                    0 0.0 3.0     1 1.0j73
  1   2 2  5 -10.000 5  30.280 5  6.08  7.99  9.72 11.19 13.49 15.29  0.00 0 j73
  1   2 3  0 0  0  1  0  0  0  0  0  3  0  0  0  0  0  0  0  0  0  0  0  0  0j7
  1   3 1 c-(c/d)(h)/3                                    0 0.0 3.0     1 1.0j73
  1   3 2  2 -10.440 2  33.930 2  4.69  5.67  6.74  7.80  9.66 11.15 13.63 0 j73
  1   3 3  0 0  0  1  0  0  0  0  0  3  0  0  0  0  0  0  0  0  0  0  0  0  0j7
  1   4 1 c-(c/t)(h)/3                                    0 0.0 3.0     1 1.0j73
  1   4 2  2 -10.080 2  30.410 2  6.19  7.84  9.40 10.79 13.02 14.77 17.58 0 j73
  1   4 3  0 0  0  1  0  0  0  0  0  3  0  0  0  0  0  0  0  0  0  0  0  0  0j7
  1   5 1 c-(h)/2-(c)/2                                   0 0.0 1.0     1 1.0j73
  1   5 2  1  -5.000 1   9.650 1  5.59  7.08  8.43  9.53 11.23 12.48 14.25 0 j73
  1   5 3  0 0  0  1  0  0  0  0  0  2  0  0  0  0  0  0  0  0  0  0  0  0  0j7
  1   6 1 c-(h)-(c)/3                                     0 0.0 3.0     1 1.0j73
  1   6 2  1  -2.140 1 -11.430 1  4.90  6.73  8.01  8.81  9.87 10.43 11.17 0 j73
  1   6 3  0 0  0  1  0  0  0  0  0  1  0  0  0  0  0  0  0  0  0  0  0  0  0j7
  1   7 1 c-(c)/4                                         0 0.0 1.0     1 1.0j73
  1   7 2  1   0.100 1 -34.990 1  4.01  5.62  7.08  8.42 10.67 11.43  8.12 0 j73
  1   7 3  0 0  0  1  0  0  0  0  0  0  0  0  0  0  0  0  0  0  0  0  0  0  0j7
  1   8 1 c/d-(h)/2                                       0 0.0 1.0     1 1.0j73
  1   8 2  1   5.950 1  27.230 1  5.33  6.46  7.52  8.45  9.96 11.12 13.03 0 j73
  1   8 3  0 0  0  1  0  0  0  0  0  2  0  0  0  0  0  0  0  0  0  0  0  0  0j7
  1   9 1 c/d-(h)-(c)                                     0 0.0 1.0     1 1.0j73
  1   9 2  1   9.190 1   4.510 1  5.55  7.03  8.29  9.29 10.78 11.84 13.41 0 j73
  1   9 3  0 0  0  1  0  0  0  0  0  1  0  0  0  0  0  0  0  0  0  0  0  0  0j7
  1  10 1 c/d-(c)/2                                       0 0.0 1.0     1 1.0j73
  1  10 2  1  11.980 1 -18.210 1  5.33  7.35  8.92 10.04 11.56 12.52 13.76 0 j73
  1  10 3  0 0  0  1  0  0  0  0  0  0  0  0  0  0  0  0  0  0  0  0  0  0  0j7
  1  11 1 c/d-(c/d)-(h)                                   0 0.0 1.0     1 1.0j73
  1  11 2  1   7.020 1   6.680 1  4.38  5.85  6.95  7.71  8.67  9.26 10.14 0 j73
  1  11 3  0 0  0  1  0  0  0  0  0  1  0  0  0  0  0  0  0  0  0  0  0  0  0j7
  1  12 1 c/d-(c/d)-(c)                                   0 0.0 1.0     1 1.0j73
  1  12 2  1   8.789 1 -14.655 2  4.20  5.37  5.93  6.18  6.50  6.62  6.72 0 j73
  1  12 3  0 0  0  1  0  0  0  0  0  0  0  0  0  0  0  0  0  0  0  0  0  0  0j7
  1  13 1 c/d-(c/b)-(h)                                   0 0.0 1.0     1 1.0j73
  1  13 2  1   6.757 1   6.628 1  4.43  5.79  6.75  7.42  8.35  8.99  9.98 0 j73
  1  13 3  0 0  0  1  0  0  0  0  0  1  0  0  0  0  0  0  0  0  0  0  0  0  0j7
  1  14 1 c/d-(c/b)-(c)                                   0 0.0 1.0     1 1.0j73
  1  14 2  1   9.068 2 -12.418 2  3.80  4.77  5.33  5.58  5.90  6.02  6.12 0 j73
  1  14 3  0 0  0  1  0  0  0  0  0  0  0  0  0  0  0  0  0  0  0  0  0  0  0j7
  1  15 1 c/d-(c/t)-(h)                                   0 0.0 1.0     1 1.0j73
  1  15 2  1   6.757 1   6.628 1  4.43  5.79  6.75  7.42  8.35  8.99  9.98 0 j73
  1  15 3  0 0  0  1  0  0  0  0  0  1  0  0  0  0  0  0  0  0  0  0  0  0  0j7
  1  16 1 c/d-(c/b)/2                                     0 0.0 1.0     1 1.0j73
  1  16 2  1   7.857 5 -12.700 0  0.00  0.00  0.00  0.00  0.00  0.00  0.00 0 j73
  1  16 3  0 0  0  1  0  0  0  0  0  0  0  0  0  0  0  0  0  0  0  0  0  0  0j7
  1  17 1 c/d-(c/d)/2                                     0 0.0 1.0     1 1.0j73
  1  17 2  1   4.600 5 -16.500 0  4.70  6.13  6.87  7.10  7.20  7.16  7.06 0 j73
  1  17 3  0 0  0  1  0  0  0  0  0  0  0  0  0  0  0  0  0  0  0  0  0  0  0j7
  1  18 1 c-(c/d)-(c)-(h)/2                               0 0.0 1.0     1 1.0j73
  1  18 2  1  -5.480 1  13.26  1  3.98  5.00  5.94  6.73  8.03  8.98 10.56 0 j73
  1  18 3  0 0  0  1  0  0  0  0  0  2  0  0  0  0  0  0  0  0  0  0  0  0  0j7
  1  19 1 c-(c/d)/2-(h)/2                                 0 0.0 1.0     1 1.0j73
  1  19 2  1  -4.830 2  17.09  2  2.12  2.73  3.34  3.91  4.89  5.66  6.93 0 j73
  1  19 3  0 0  0  1  0  0  0  0  0  2  0  0  0  0  0  0  0  0  0  0  0  0  0j7
  1  20 1 c-(c/d)-(c/b)-(h)/2                             0 0.0 1.0     1 1.0j73
l    c-(c/d)-(c/b)-(h)/2 
  1  20 2  1  -4.290 2  10.200 2  4.70  6.80  8.40  9.60 11.30 12.60 14.40 0 j73
  1  20 3  0 0  0  1  0  0  0  0  0  2  0  0  0  0  0  0  0  0  0  0  0  0  0j7
  1  21 1 c-(c/t)-(c)-(h)/2                               0 0.0 1.0     1 1.0j73
  1  21 2  1  -4.707 1  10.227 1  5.01  6.56  7.93  9.08 10.86 12.19 14.20 0 j73
  1  21 3  0 0  0  1  0  0  0  0  0  2  0  0  0  0  0  0  0  0  0  0  0  0  0j7
  1  22 1 c-(c/b)-(c)-(h)/2                               0 0.0 1.0     1 1.0j73
  1  22 2  1  -5.099 1  10.177 1  6.12  7.61  8.98 10.01 11.49 12.54 13.76 0 j73
  1  22 3  0 0  0  1  0  0  0  0  0  2  0  0  0  0  0  0  0  0  0  0  0  0  0j7
  1  23 1 c-(c/d)-(c)/2-(h)                               0 0.0 1.0     1 1.0j73
  1  23 2  1  -2.290 2  -8.150 2  3.47  4.58  5.35  5.83  6.51  6.88  7.53 0 j73
  1  23 3  0 0  0  1  0  0  0  0  0  1  0  0  0  0  0  0  0  0  0  0  0  0  0j7
  1  24 1 c-(c/t)-(c)/2-(h)                               0 0.0 1.0     1 1.0j73
  1  24 2  1  -0.755 2 -10.918 2  4.17  5.61  6.85  7.78  9.10  9.90 11.12 0 j73
  1  24 3  0 0  0  1  0  0  0  0  0  1  0  0  0  0  0  0  0  0  0  0  0  0  0j7
  1  25 1 c-(c/b)-(c)/2-(h)                               0 0.0 1.0     1 1.0j73
  1  25 2  1  -1.080 2 -11.470 2  5.36  6.66  7.90  8.75  9.73 10.25 10.68 0 j73
  1  25 3  0 0  0  1  0  0  0  0  0  1  0  0  0  0  0  0  0  0  0  0  0  0  0j7
  1  26 1 c-(c/d)-(c)/3                                   0 0.0 1.0     1 1.0j73
  1  26 2  1   5.288 2 -35.897 2  2.19  4.25  5.64  6.47  7.13  7.17  6.44 0 j73
  1  26 3  0 0  0  1  0  0  0  0  0  0  0  0  0  0  0  0  0  0  0  0  0  0  0j7
  1  27 1 c-(c/b)-(c)/3                                   0 0.0 1.0     1 1.0j73
  1  27 2  1   4.368 2 -35.171 2  4.37  6.79  8.09  8.78  9.19  8.96  7.63 0 j73
  1  27 3  0 0  0  1  0  0  0  0  0  0  0  0  0  0  0  0  0  0  0  0  0  0  0j7
  1  28 1 c/t-(h)                                         0 0.0 1.0     1 1.0j73
  1  28 2  1  27.121 1  24.363 1  5.39  5.99  6.49  6.87  7.47  7.96  8.85 0 j73
  1  28 3  0 0  0  1  0  0  0  0  0  1  0  0  0  0  0  0  0  0  0  0  0  0  0j7
  1  29 1 c/t-(c)                                         0 0.0 1.0     1 1.0j73
  1  29 2  1  27.503 1   6.289 1  3.16  3.48  3.81  4.09  4.60  4.92  6.35 0 j73
  1  29 3  0 0  0  1  0  0  0  0  0  0  0  0  0  0  0  0  0  0  0  0  0  0  0j7
  1  30 1 c/t-(c/d)                                       0 0.0 1.0     1 1.0j73
  1  30 2  1  29.013 2   9.539 2  2.56  3.54  3.50  4.92  5.34  5.50  5.80 0 j73
  1  30 3  0 0  0  1  0  0  0  0  0  0  0  0  0  0  0  0  0  0  0  0  0  0  0j7
  1  31 1 c/t-(c/b)                                       0 0.0 1.0     1 1.0j73
  1  31 2  2  28.855 1   4.246 1  2.43  3.54  3.50  4.92  5.34  5.50  5.80 0 j73
  1  31 3  0 0  0  1  0  0  0  0  0  0  0  0  0  0  0  0  0  0  0  0  0  0  0j7
  1  32 1 c/b-(h)-(c/b)/2                                 0 0.0 1.0     1 1.0j73
  1  32 2  1   3.300 1  11.544 1  3.25  4.44  5.46  6.30  7.54  8.41  9.73 0 j73
  1  32 3  0 0  0  1  0  0  0  0  0  1  0  0  0  0  0  0  0  0  0  0  0  0  0j7
  1  33 1 c/b-(c)-(c/b)/2                                 0 0.0 1.0     1 1.0j73
  1  33 2  1   5.649 1  -8.509 1  2.33  2.81  3.35  3.82  4.63  5.11  5.65 0 j73
  1  33 3  0 0  0  1  0  0  0  0  0  0  0  0  0  0  0  0  0  0  0  0  0  0  0j7
  1  34 1 c/b-(c/d)-(c/b)/2                               0 0.0 1.0     1 1.0j73
  1  34 2  1   5.775 1  -8.088 1  3.37  3.97  4.38  4.72  5.28  5.61  5.75 0 j73
  1  34 3  0 0  0  1  0  0  0  0  0  0  0  0  0  0  0  0  0  0  0  0  0  0  0j7
  1  35 1 c/b-(c/t)-(c/b)/2                               0 0.0 1.0     1 1.0j73
  1  35 2  1   5.775 1  -8.088 1  3.37  3.97  4.38  4.72  5.28  5.61  5.75 0 j73
  1  35 3  0 0  0  1  0  0  0  0  0  0  0  0  0  0  0  0  0  0  0  0  0  0  0j7
  1  36 1 c/b-(c/b)/3                                     0 0.0 1.0     1 1.0j73
  1  36 2  1   5.176 1  -8.738 1  3.14  4.22  4.89  5.27  5.76  5.95  6.05 0 j73
  1  36 3  0 0  0  1  0  0  0  0  0  0  0  0  0  0  0  0  0  0  0  0  0  0  0j7
  1  37 1 c/t-(c/t)                                       0 0.0 1.0     1 1.0j73
  1  37 2  5  28.855 5   6.198 0  3.41  0.00  0.00  0.00  0.00  0.00  0.00 0 j73
  1  37 3  0 0  0  1  0  0  0  0  0  0  0  0  0  0  0  0  0  0  0  0  0  0  0j7
  1  38 1 c-(c)/3(c/t)                                    0 0.0 1.0     1 1.0j73
  1  38 2  5   4.590 5 -35.720 5  3.95  6.13  7.36  8.12  8.77  8.76  8.12 0 j73
  1  38 3  0 0  0  1  0  0  0  0  0  0  0  0  0  0  0  0  0  0  0  0  0  0  0j7
  1  39 1 c/bf-(c/bf)                                     0 0.0 1.0     2 1.0m85
  1  39 2  2   4.800 2  -5.000 2  3.00  3.70  4.20  4.60  5.20  5.50  0.00 2 m85
  1  39 3  0 0  0  1  0  0  0  0  0  0  0  0  0  0  0  0  0  0  0  0  0  0  0m8
  1  40 1 c/bf-(c/bf)/2                                   0 0.0 1.0     2 1.0m85
  1  40 2  2   3.700 2  -5.000 2  3.00  3.70  4.20  4.60  5.20  5.50  0.00 2 m85
  1  40 3  0 0  0  1  0  0  0  0  0  0  0  0  0  0  0  0  0  0  0  0  0  0  0m8
  1  41 1 c/bf-(c/bf)/3                                   0 0.0 1.0     2 1.0m85
  1  41 2  2   1.500 2   1.400 2  2.00  2.90  3.50  4.00  4.70  5.10  0.00 2 m85
  1  41 3  0 0  0  1  0  0  0  0  0  0  0  0  0  0  0  0  0  0  0  0  0  0  0m8
  1  42 1 c-(c/b)-(c/d)-(c)-(h)                           0 0.0 1.0     2 1.0f03
l    c-(c/b)-(c/d)-(c)-(h)            
  1  42 2  2  -4.450 2 -11.77  2  4.50  6.57  8.07  8.89  9.88 10.39 10.79 2 f03
  1  42 3  0 0  0  1  0  0  0  0  0  1  0  0  0  0  0  0  0  0  0  0  0  0  0m8
